{"params": {"beta": 3.0, "target": "1-ahead", "n_comps": 22}, "fit_params": {"weights": [[8.912752089571584e-06, 0.07298500695852625, 0.07298500695852625, 0.07298500695852625, 0.07298500695852625, 0.07298500695852625, 0.07298500695852625, 0.008094187873731775, 0.06745103417522706, 0.06258296013659595, 0.0687371207047563, 0.09209443139507006, 0.00022915041967408803, 0.00022915041967408803, 0.054329659649086426, 8.91275134090046e-06, 0.002921071413985038, 0.06338753216157916, 0.0054527806289798465, 0.043450480901310096, 0.02359638492602782, 0.0695161879397141], [1.3881767249751178e-05, 0.09160564308388633, 0.09160564308388633, 0.09160564308388633, 0.09160564308388633, 0.09160564308388633, 0.09160564308388633, 0.008859696663922258, 0.04417429482800512, 0.04950772564971969, 0.07002314685871772, 0.08248341359061832, 0.0002927817891896832, 0.0002927817891896832, 0.037664987427592916, 1.388176608368281e-05, 0.012890616214224883, 0.03978586724613509, 0.007113552768442114, 0.027816788671061392, 0.02154670703741248, 0.047886017429117446], [7.665999156955872e-06, 0.10553881882054919, 0.10553881882054919, 0.10553881882054919, 0.10553881882054919, 0.10553881882054919, 0.10553881882054919, 0.0057364170492770535, 0.04000819377708298, 0.055477124781720386, 0.06269920253874277, 0.0578099816484087, 0.00015508929324190812, 0.00015508929324190812, 0.03373499435296565, 7.665998513011988e-06, 0.006998489314753756, 0.030673851722966588, 0.003635171610556108, 0.023249619841369383, 0.014755742884158951, 0.0316627869705487], [0.10490788952610695, 0.06212902960502143, 0.06212902960502143, 0.06212902960502143, 0.06212902960502143, 0.06212902960502143, 0.06212902960502143, 0.020988142444602793, 0.04762338454141378, 0.06323768084593659, 0.06971704558362499, 0.11813910900779587, 0.0003237240140997622, 0.0003237240140997622, 0.040596549738840124, 1.6551113005022845e-05, 0.012222762946816877, 0.05082175975695934, 0.006058915414931299, 0.027010016765502423, 0.023466432363217816, 0.04177213429291788], [0.0484690593552745, 0.07457879510177265, 0.07457879510177265, 0.07457879510177265, 0.07457879510177265, 0.07457879510177265, 0.07457879510177265, 0.024870127739401972, 0.05462616817265821, 0.048843445519267274, 0.09580752425732166, 0.06401669164379484, 0.0003452865736278881, 0.0003452865736278881, 0.04809145050290635, 1.4187992942036119e-05, 0.010698571251936975, 0.04889898171934272, 0.004185424710813949, 0.026853186692498435, 0.022558046849113732, 0.0539037898348358], [0.05555819172666981, 0.07304105204443223, 0.07304105204443223, 0.07304105204443223, 0.07304105204443223, 0.07304105204443223, 0.07304105204443223, 0.018778767759965904, 0.05939806990466407, 0.07331774112759226, 0.08545781239495805, 0.05948923607413263, 0.0005388847308452278, 0.0005388847308452278, 0.049659715474152225, 1.787262344168028e-05, 0.01266292658026249, 0.04153104022850906, 0.0048849647490901826, 0.0285230747529306, 0.02439903862318994, 0.04699746625215717], [0.030525532153384, 0.07166670405601529, 0.07166670405601529, 0.07166670405601529, 0.07166670405601529, 0.07166670405601529, 0.07166670405601529, 0.025638262947592243, 0.04969422587266396, 0.07916183101363977, 0.10177567001363631, 0.04687518734651351, 0.0008289105103273512, 0.0008289105103273512, 0.04737236821369848, 2.882885436947196e-05, 0.015919825183601678, 0.0499225917335809, 0.005445436432921199, 0.03381732561563282, 0.028490842258033677, 0.05367402700398554], [0.08734661462175539, 0.08593142931180209, 0.08593142931180209, 0.08593142931180209, 0.08593142931180209, 0.08593142931180209, 0.08593142931180209, 0.015238974939443952, 0.040833722239491235, 0.09219119062831341, 0.04527853647065816, 0.028178679656107687, 0.0007973495080795311, 0.0007973495080795311, 0.03657413499988602, 2.7676294163608945e-05, 0.015480084941766947, 0.027957102500405263, 0.004915270498039464, 0.03479555510238565, 0.02855360326687656, 0.025445578953735153], [0.07339258547344486, 0.08653810745538092, 0.08653810745538092, 0.08653810745538092, 0.08653810745538092, 0.08653810745538092, 0.08653810745538092, 0.011286477617709265, 0.04749711992862666, 0.0616340397176154, 0.09490808447964262, 0.010595699954877837, 0.0007612308491472306, 0.0007612308491472306, 0.03802792747817413, 3.574554393268643e-05, 0.015835835174851216, 0.04399876606426807, 0.004120043665200311, 0.029216801745121413, 0.023860505334221516, 0.02483926139173437], [0.0495421503641711, 0.06446315726565878, 0.06446315726565878, 0.06446315726565878, 0.06446315726565878, 0.06446315726565878, 0.06446315726565878, 0.014171190649141897, 0.05913964382420375, 0.04037015951128068, 0.13495330466215164, 0.045956646048123724, 0.00082800210924539, 0.00082800210924539, 0.04206057486816779, 6.674849283447156e-05, 0.021913754689563806, 0.03524997667367203, 0.0052172278865524994, 0.030129211202385986, 0.02749465185636622, 0.10529981145894085], [0.0863157233346862, 0.04989035084627055, 0.04989035084627055, 0.04989035084627055, 0.04989035084627055, 0.04989035084627055, 0.04989035084627055, 0.0431445732563407, 0.03153285105408627, 0.04986713421796041, 0.053934745138180626, 0.0754870403744771, 0.00107420736618993, 0.00107420736618993, 0.032030522524455665, 0.00012854714853508434, 0.027023852032735687, 0.042061994312421906, 0.00566314860452841, 0.020026684257409357, 0.0361823539190874, 0.19511031001509205], [0.03815630058878337, 0.0855760152010336, 0.0855760152010336, 0.0855760152010336, 0.0855760152010336, 0.0855760152010336, 0.0855760152010336, 0.0485893011940285, 0.043457805189364755, 0.06421284407884682, 0.038545113447834636, 0.06391948870518903, 0.0016083479630620797, 0.0016083479630620797, 0.04188468880838178, 0.00029240285807120354, 0.026046030562829118, 0.04058225886491024, 0.005222980230482664, 0.021909235867608897, 0.022324956955565297, 0.02818380551577779], [0.028964816327396208, 0.08096349323072755, 0.08096349323072755, 0.08096349323072755, 0.08096349323072755, 0.08096349323072755, 0.08096349323072755, 0.01185499292718013, 0.048314843529494736, 0.10655134241257772, 0.04476243430715202, 0.04729686039400553, 0.00155861049714451, 0.00155861049714451, 0.043983312465867785, 0.00017657698134598528, 0.03258461152660376, 0.032962653817003425, 0.004434706767959299, 0.041633627168751616, 0.02813508511605707, 0.039445955879950374], [0.08615057774912091, 0.05419791239392954, 0.05419791239392954, 0.05419791239392954, 0.05419791239392954, 0.05419791239392954, 0.05419791239392954, 0.05230954886097591, 0.09248226531861348, 0.030746748770708203, 0.04697830081866057, 0.020758461850326104, 0.0023820597571813595, 0.0023820597571813595, 0.05074107339034221, 0.00019026104600532672, 0.04226742650334452, 0.0635227684393712, 0.004678387462902978, 0.05250890154765876, 0.03835956671354589, 0.0883541176504838], [0.024111015353461725, 0.0903087935560862, 0.0903087935560862, 0.0903087935560862, 0.0903087935560862, 0.0903087935560862, 0.0903087935560862, 0.02311340586021801, 0.08095744147421245, 0.09620712254132043, 0.03717060244998088, 0.006708253387188308, 0.0012829181324626958, 0.0012829181324626958, 0.05786277339650478, 0.00011159408365886086, 0.02180954752932099, 0.040575528387218375, 0.0024383305054860097, 0.026917486392160742, 0.02237594036565824, 0.015222360672167586], [0.017026984624756894, 0.07473889226281005, 0.07473889226281005, 0.07473889226281005, 0.07473889226281005, 0.07473889226281005, 0.07473889226281005, 0.03047395207026253, 0.11283847164561213, 0.07528428523875323, 0.051120251367632236, 0.016524382588464233, 0.0023135516421170016, 0.0023135516421170016, 0.07147267166622492, 0.00021006801323326368, 0.020978669497301313, 0.0404031121192608, 0.003912717133462424, 0.041195965663129525, 0.03391451925743769, 0.03158349225337458], [0.026310623962091956, 0.040043006688736886, 0.040043006688736886, 0.040043006688736886, 0.040043006688736886, 0.040043006688736886, 0.040043006688736886, 0.029592216097953192, 0.1454267825098232, 0.058857243142546554, 0.12825281629746543, 0.01619947442594685, 0.003294150800415073, 0.003294150800415073, 0.08244212303301157, 0.00028311095588852485, 0.023091568622727637, 0.07246707767953302, 0.00547388867225187, 0.05597386147272964, 0.045909698238650175, 0.06287317315612871], [0.0066615946385305685, 0.0849765734641373, 0.0849765734641373, 0.0849765734641373, 0.0849765734641373, 0.0849765734641373, 0.0849765734641373, 0.013774105555645568, 0.06910867975260629, 0.0145890592556493, 0.11365634605648069, 0.004952226673050931, 0.0009920290979757332, 0.0009920290979757332, 0.038877134556834045, 0.00010204273953149581, 0.008824639493407496, 0.037330641666832864, 0.0023769043485010136, 0.02661131932495956, 0.021411855387555315, 0.12987995156963955], [0.007375318230125356, 0.0666874761988949, 0.0666874761988949, 0.0666874761988949, 0.0666874761988949, 0.0666874761988949, 0.0666874761988949, 0.018651180271967015, 0.09477546200162944, 0.06478883467003076, 0.10991557985527228, 0.02940873777330445, 0.0010925606214326916, 0.0010925606214326916, 0.06436094473760058, 0.00013425903284800046, 0.017386121190463823, 0.05683745437389111, 0.003149582986790164, 0.03999478446951183, 0.025643120154805597, 0.06526864181552462], [0.02982493959650811, 0.04326221198028506, 0.04326221198028506, 0.04326221198028506, 0.04326221198028506, 0.04326221198028506, 0.04326221198028506, 0.034103912684723306, 0.10035537130055915, 0.08922594540688383, 0.1221482224250718, 0.04386410281632681, 0.001327310491421097, 0.001327310491421097, 0.0763617123575581, 0.0001231424600732983, 0.026510628247073884, 0.04919913174500292, 0.0035085649355714437, 0.03985640197411077, 0.03174709230233969, 0.09094293888364423], [0.05232205256448371, 0.0588697879733585, 0.0588697879733585, 0.0588697879733585, 0.0588697879733585, 0.0588697879733585, 0.0588697879733585, 0.05042174693032826, 0.07632610297005989, 0.08667579845895895, 0.09138256577694111, 0.014870187625068629, 0.0012495140134071462, 0.0012495140134071462, 0.06581856120716967, 7.93991518578616e-05, 0.021557536514386792, 0.04098811351362773, 0.0029239446414771448, 0.03477361706998799, 0.026230239464505544, 0.07991237824418151], [0.04865073661946856, 0.05053178958877735, 0.05053178958877735, 0.05053178958877735, 0.05053178958877735, 0.05053178958877735, 0.05053178958877735, 0.0638876234138986, 0.0812410691065241, 0.1124887063469943, 0.10936048470190843, 0.003920412934528047, 0.0017323862866215583, 0.0017323862866215583, 0.0760645026707013, 8.538105103361744e-05, 0.02148381816776466, 0.057718016459997475, 0.0039349561774175085, 0.042299498978432826, 0.028495302842262597, 0.04371398042316081], [0.03665712474941836, 0.08344081697721961, 0.08344081697721961, 0.08344081697721961, 0.08344081697721961, 0.08344081697721961, 0.08344081697721961, 0.05240135755139767, 0.06789430172099561, 0.06142891913306085, 0.042216909600346755, 0.004215455086922051, 0.002101286343822558, 0.002101286343822558, 0.05272107810903631, 6.610020631719707e-05, 0.017160709973902028, 0.04100630478389636, 0.004091981854844035, 0.036362296481386114, 0.025795727580406994, 0.053134258617106946], [0.07617652216573136, 0.06145943935215634, 0.06145943935215634, 0.06145943935215634, 0.06145943935215634, 0.06145943935215634, 0.06145943935215634, 0.056695114233536584, 0.08404976472527091, 0.07632518903425249, 0.06953574301333924, 0.005031489576219899, 0.002471997864955633, 0.002471997864955633, 0.06562900712605531, 4.950067612645293e-05, 0.019678358946316827, 0.05178181700406168, 0.005069197740538782, 0.0370761518920987, 0.034397580735880624, 0.04480393128772203], [0.054484198564045246, 0.08252233104209601, 0.08252233104209601, 0.08252233104209601, 0.08252233104209601, 0.08252233104209601, 0.08252233104209601, 0.03108375394677522, 0.07507054125167993, 0.06290837341014281, 0.0371019767200792, 0.005258442148529245, 0.0019137638625599206, 0.0019137638625599206, 0.050727996850685374, 3.011771753461799e-05, 0.013305844839000788, 0.0395114865141573, 0.004188686954798277, 0.033555538571852984, 0.028971054709366357, 0.06484047382365644], [0.07259485407398003, 0.0549851127844215, 0.0549851127844215, 0.0549851127844215, 0.0549851127844215, 0.0549851127844215, 0.0549851127844215, 0.050837033013374465, 0.09064389143308414, 0.10105625436799885, 0.0529314864066223, 0.028663159158156246, 0.0023816033200693603, 0.0023816033200693603, 0.06429149236047912, 2.6204983824361915e-05, 0.011963048203977932, 0.05871459046729769, 0.005001717095516125, 0.038399306443245795, 0.03229036364328139, 0.05791271500249374], [0.06418925437616728, 0.0705492026613926, 0.0705492026613926, 0.0705492026613926, 0.0705492026613926, 0.0705492026613926, 0.0705492026613926, 0.029254950968220297, 0.07275479641763392, 0.07251830504298988, 0.04681644945128063, 0.014027939689298215, 0.0020432347973626825, 0.0020432347973626825, 0.053639425463246924, 1.980086473176573e-05, 0.011582723135316792, 0.04744114693985741, 0.0047573003188308895, 0.032003001841153386, 0.029612354234049593, 0.09400086569414208], [0.10600866106959599, 0.05180857475367777, 0.05180857475367777, 0.05180857475367777, 0.05180857475367777, 0.05180857475367777, 0.05180857475367777, 0.027132383536311745, 0.08076478306803435, 0.0822906034674648, 0.08632578146004019, 0.013242750842005878, 0.0015419635015933412, 0.0015419635015933412, 0.06831306024545655, 1.3644320950623617e-05, 0.012269852398588703, 0.06389658175389322, 0.0045333476642410156, 0.0348896907777417, 0.03276703697887723, 0.07361644689154472], [0.057788959370775037, 0.06971223784340995, 0.06971223784340995, 0.06971223784340995, 0.06971223784340995, 0.06971223784340995, 0.06971223784340995, 0.020889723872883854, 0.06683786122332001, 0.10452341357228956, 0.07399960386167836, 0.01768381072167512, 0.0014104926120983516, 0.0014104926120983516, 0.05832080838142738, 1.1137333377746677e-05, 0.01314814052594555, 0.078830449875578, 0.004511199888934475, 0.036301544703816274, 0.020488251439997014, 0.025570682943645395], [0.039048361053312754, 0.08807706380106536, 0.08807706380106536, 0.08807706380106536, 0.08807706380106536, 0.08807706380106536, 0.08807706380106536, 0.021182800625980772, 0.060106090250543136, 0.03838513794778629, 0.06918285211991497, 0.0195954767733065, 0.0010168641199426753, 0.0010168641199426753, 0.049427578458348, 1.1876352265879484e-05, 0.014509159036921732, 0.0518486313195018, 0.00534631797718243, 0.03189531036034786, 0.02699511168038398, 0.041969184997926234], [0.07573819211421502, 0.07580793223799974, 0.07580793223799974, 0.07580793223799974, 0.07580793223799974, 0.07580793223799974, 0.07580793223799974, 0.01600763746208301, 0.0688824688157726, 0.07679330943573155, 0.03876128994761273, 0.01033068354773393, 0.0010283765805160934, 0.0010283765805160934, 0.05162839097877832, 1.182238298816671e-05, 0.015703554117263235, 0.06322606669441742, 0.005684426123082941, 0.04273375599790218, 0.03505151866581242, 0.04254253712757561], [3.5541812115643386e-06, 0.11018550421429112, 0.09670934254960152, 0.09670934254960152, 0.09670934254960152, 0.09670934254960152, 0.09670934254960152, 0.01992876112338597, 0.05674874760821887, 0.018109838804943212, 0.08769476036591278, 0.010731047468582723, 0.001192015680114359, 0.001192015680114359, 0.04703163201070937, 9.8178204203469e-06, 0.015174919291209482, 0.053830714808697194, 0.006312210499649798, 0.03749074190210859, 0.029650952173515804, 0.021166053618906774], [3.0092009183403866e-06, 0.11940789212532854, 0.11940789212532854, 0.11940789212532854, 0.11940789212532854, 0.11940789212532854, 0.11940789212532854, 0.01537015921567014, 0.03841555367711302, 0.01762607015538602, 0.03963671478509435, 0.005287514825759297, 0.0010380309567684066, 0.0010380309567684066, 0.03036381143297087, 8.451019167114169e-06, 0.01127648823989788, 0.03888311334392166, 0.006543844645076895, 0.02564152124675467, 0.028031352311979146, 0.024388981234782503]], "model_weeks": [0, 1, 2, 3, 4, 5, 6, 7, 8, 9, 10, 11, 12, 13, 14, 15, 16, 17, 18, 19, 20, 21, 22, 23, 24, 25, 26, 27, 28, 29, 30, 31, 32]}}