{"params": {"beta": 2.0, "target": "2-ahead", "n_comps": 22}, "fit_params": {"weights": [[0.00016201824706231987, 0.11812647447636028, 0.10274967497994038, 0.11663923585349728, 0.09658075591748053, 0.09137711133556146, 0.08422135535543716, 0.009232198614740783, 0.03326014674833448, 0.06069259144999883, 0.05181606946091133, 0.06815168002716836, 0.001236792369119922, 0.001236792369119922, 0.03514716419047291, 0.00016201823798929854, 0.007193495103091656, 0.04398245354828592, 0.010208117979884142, 0.025257819905099274, 0.01841249991054343, 0.024153533919900216], [0.00018256208908357363, 0.1283201569871511, 0.10543855957967724, 0.10936027632827987, 0.09465136343870462, 0.10204174055413372, 0.08532470127340709, 0.010203831425889837, 0.03235524762922679, 0.0588442951254328, 0.05767633801637337, 0.055053615779677566, 0.0013554576820065279, 0.0013554576820065279, 0.03407002559110267, 0.0001825620788600972, 0.013063821888340727, 0.04029479049287435, 0.010917342137035522, 0.021133724318815, 0.016815243470315835, 0.02135888643160492], [0.00020669418979733418, 0.11469039849937668, 0.09508149704524427, 0.11158081824985852, 0.09341283464633042, 0.09703992213385713, 0.07704737588055555, 0.013827348280646173, 0.037587692706157375, 0.04796497550708404, 0.0648715131504559, 0.07663275527248224, 0.0015004679375945158, 0.0015004679375945158, 0.035979011590090954, 0.00020669417822246022, 0.01401512424402424, 0.0429214269466731, 0.01044730802934219, 0.022396639683166346, 0.01950860651802417, 0.021580427373421748], [0.07768403132056083, 0.06422080782072175, 0.0535190097207763, 0.07482209206758084, 0.0636531586961508, 0.04854844304724453, 0.04442968666681105, 0.029004725602817173, 0.05135688037565321, 0.07569949837085241, 0.0821955618886579, 0.08424841024753091, 0.002883264126197948, 0.002883264126197948, 0.050576020202876895, 0.00034333015017418074, 0.022275239285870916, 0.056787971365110525, 0.015308677077829156, 0.03153683587633489, 0.029018545256313418, 0.039004546707736364], [0.048276983545053276, 0.08943825161013533, 0.06590163400441706, 0.07700639958240603, 0.06226068741595715, 0.06759227210560471, 0.04880771167920039, 0.026137590443735138, 0.05066718161305877, 0.058382651426766664, 0.09300954093536135, 0.0668830616683047, 0.003519825557512009, 0.003519825557512009, 0.04936017161501846, 0.0003633424094521051, 0.023338284166240647, 0.049718427902333516, 0.014975887125332698, 0.03220157110834503, 0.02956718103284229, 0.039071517495410595], [0.07799828963354709, 0.06966496192394503, 0.05907025455731553, 0.0684665587374672, 0.06590542308262579, 0.0722694275831089, 0.0729322772045929, 0.03149791910859375, 0.0513893481718927, 0.05171343957296718, 0.0467427272516853, 0.06472133878247131, 0.0047621253717701146, 0.0047621253717701146, 0.0441504661751716, 0.000507396324296015, 0.026118076215024724, 0.05300687019540725, 0.016963263428596893, 0.033805918330117674, 0.029427385525078956, 0.05412440745255398], [0.03548929589956499, 0.05721051245478855, 0.048485134709543874, 0.0668875831565845, 0.0635353639994427, 0.059735925188501855, 0.06244178440314868, 0.03364966623748613, 0.05522753984405819, 0.07134522148116557, 0.06954422219294243, 0.0657664444531703, 0.006203927290482449, 0.006203927290482449, 0.050201397024639, 0.0006601452521952548, 0.03549555112784355, 0.055828546322270224, 0.020770524273369104, 0.04474348822698976, 0.04281018040772238, 0.04776361876360822], [0.08639106314766015, 0.06942058662804548, 0.05057094562659871, 0.07232265021088569, 0.05633313085688786, 0.04196217460502142, 0.0435170592393631, 0.030561978102733003, 0.062389396516403156, 0.06508002444252975, 0.0424029054798871, 0.033659936335566513, 0.0068815405884586865, 0.0068815405884586865, 0.05244778001691699, 0.0008956865014358559, 0.03952763937713523, 0.052166553202146616, 0.02170810759500678, 0.052885379207440075, 0.051250728459972326, 0.060743193271446734], [0.07645816451496872, 0.046235021208341796, 0.04788202403134499, 0.04992228862938357, 0.04364021787496686, 0.0431789631956279, 0.03721042099300046, 0.0335079605588764, 0.06667717237784496, 0.07624791087293502, 0.13039279387028185, 0.03939594424547193, 0.0063659078013716406, 0.0063659078013716406, 0.06091697710205513, 0.0011879560077836945, 0.043247799721209554, 0.06068947512334477, 0.021902457553300867, 0.039647894443945786, 0.042070364820374254, 0.02685637725219829], [0.054579743536847476, 0.1444566900896848, 0.06352482066151272, 0.13830911023037293, 0.07192910480897773, 0.11058744621310068, 0.06052289005997085, 0.026576978664317963, 0.03391130166265977, 0.038938968222145716, 0.03897326918665199, 0.030865650937598972, 0.004027179336302496, 0.004027179336302496, 0.030027343813265023, 0.0009779512002154778, 0.026742138720283786, 0.029438171395370596, 0.011754196601742458, 0.01682360282206499, 0.024667952234962716, 0.038338310265648254], [0.053873415511951246, 0.10467872660538848, 0.08446547141854079, 0.09848958814331857, 0.07948621409413748, 0.08073174995936495, 0.06494895264893503, 0.0507905377454931, 0.025647426887187037, 0.04844712802309052, 0.033510612762274225, 0.08903071205398085, 0.006894961895186573, 0.006894961895186573, 0.029281218064224936, 0.002212752993805257, 0.034499501981898724, 0.02680397459732762, 0.014903398500739339, 0.014672427409767918, 0.0278223428670889, 0.0219139239411118], [0.0400840152593225, 0.07591095439976739, 0.05301434015195223, 0.05248166546415353, 0.05035709233604254, 0.05643890600680569, 0.049199182667124225, 0.023026987434648805, 0.058657751037650564, 0.06357670078517484, 0.10750701179069366, 0.0681186407658989, 0.008518746134347166, 0.008518746134347166, 0.050300226875354966, 0.0019947619010855433, 0.04730060921800047, 0.04525428296483904, 0.017376031604993434, 0.04535051143892825, 0.03754625525211719, 0.039466580376752027], [0.12193838686178288, 0.012281097602499451, 0.01643734989233787, 0.013035220585723477, 0.01888289347745527, 0.009292337136207706, 0.02052370454246063, 0.08316130584195618, 0.0693935403496437, 0.07542810550296762, 0.09599386460997324, 0.03212365611169201, 0.016097003761681185, 0.016097003761681185, 0.06014797198560077, 0.0029854504268088376, 0.08375767081979914, 0.06254093314272965, 0.02515825503943739, 0.06450066432935443, 0.057809068384186625, 0.04241451583402094], [0.08197664811469159, 0.02133264115599842, 0.0391573010137121, 0.02107944640802873, 0.027248702413733884, 0.022511932430282357, 0.03434870361926045, 0.08329648245070755, 0.07763918239309774, 0.0596865198991584, 0.07013019020892168, 0.019354764038612825, 0.015715164563885355, 0.015715164563885355, 0.06052381434802407, 0.0030851793640818857, 0.07150768751846985, 0.05524451538750529, 0.023423307659746543, 0.06823574008839205, 0.057458475040356546, 0.07132843731944725], [0.09350591425663088, 0.03930845814298313, 0.060070335581679866, 0.02925543381591016, 0.03177170666995857, 0.03937484312217847, 0.04274077074636418, 0.04886313949502801, 0.09076970428077451, 0.07446733862352795, 0.03799849502378368, 0.01659794488088293, 0.011825161567040736, 0.011825161567040736, 0.06788930126189366, 0.002388879460987011, 0.03891699647126924, 0.04616971598883197, 0.017599271561443492, 0.04612595174579549, 0.04255385250288493, 0.10998162323311014], [0.022168044670116988, 0.11033701821979454, 0.06555165185136846, 0.047494033216479034, 0.05033480131618834, 0.06002935003659754, 0.0502422521590873, 0.04896432233914882, 0.08004537170252565, 0.03682895498727248, 0.08114883184221346, 0.020944817343276387, 0.013902566113719112, 0.013902566113719112, 0.055179745051427906, 0.002707512282354392, 0.029698829292160854, 0.04674440061071238, 0.019778594015789294, 0.04993893972593088, 0.04387582537753299, 0.05018157173258414], [0.01765910970313308, 0.09716529972191641, 0.06075366228782957, 0.05881704214388075, 0.036788562151478105, 0.06412021624812644, 0.04551719648979166, 0.033012296381954256, 0.07750981953614852, 0.019224705061731583, 0.0875016545632728, 0.022173642536311447, 0.009028532673763395, 0.009028532673763395, 0.046616634134185674, 0.0019820851440846797, 0.021626689307529798, 0.04775184276003228, 0.01588466406610543, 0.047001719739272994, 0.04240158196016645, 0.13843451071552124], [0.014800599263858606, 0.07967493640632493, 0.0675925710401673, 0.05834272196991639, 0.046239445336566085, 0.06287501500088405, 0.05881253407688704, 0.032716525168510674, 0.05837662275751813, 0.024398468474969622, 0.1320556685571928, 0.04356581898725319, 0.006588928549572261, 0.006588928549572261, 0.04328738225159673, 0.001628596305952115, 0.02443181715626842, 0.04697595315789639, 0.013685232502834217, 0.041148113079472665, 0.03460675762449915, 0.10160736378228696], [0.015113457354420325, 0.08646765588300706, 0.0925997152542994, 0.09018149624350369, 0.07333818226131117, 0.08463853056982933, 0.09129519451388611, 0.031005081893933424, 0.051181211931954525, 0.03431295143373526, 0.09472546649567459, 0.027221173799022017, 0.005325852285521822, 0.005325852285521822, 0.040922367759813644, 0.0010914721258514892, 0.025228907095545733, 0.03325953669994497, 0.010213233799746157, 0.030447884145535644, 0.025013125255386254, 0.05109165091255539], [0.022927660589593335, 0.09831635977391918, 0.0625970010636597, 0.08841942255066493, 0.05741146946896354, 0.07926090097403883, 0.06926311924446486, 0.049641075968652, 0.05659330165514652, 0.05209344753860635, 0.08843024474284372, 0.024487001546768635, 0.006265243896553208, 0.006265243896553208, 0.04992530004184971, 0.0009976720454265122, 0.030643170721170475, 0.04167778972124934, 0.010723521388984263, 0.03211019537888151, 0.029187135496790032, 0.042763722295220276], [0.053609440881983245, 0.10717968786865816, 0.07891427720851098, 0.09891532251853047, 0.07209964612648893, 0.09224155080718692, 0.08139343960527189, 0.04726295911192355, 0.05524241135214591, 0.05257740805753873, 0.03765354983620795, 0.007514670197923168, 0.005547128553807087, 0.005547128553807087, 0.04714807582017776, 0.0007456689689657313, 0.0241024397357429, 0.03104998871662799, 0.009897189377211959, 0.027763815770353004, 0.024274798466110227, 0.03931940246482627], [0.0598102330441287, 0.0669842328035889, 0.05030117103379699, 0.11215253117961825, 0.07477693090481069, 0.1253866496790926, 0.084141451640239, 0.04941220404025002, 0.04271904143072817, 0.04777338551480311, 0.04677002065041107, 0.008965728838408625, 0.008080984851370744, 0.008080984851370744, 0.040962315815965655, 0.0008052721459758277, 0.023777152394194995, 0.03218729247250914, 0.01289739332839872, 0.03209035653778881, 0.02827025429430356, 0.04365441254824585], [0.035324744106886005, 0.09546330037236977, 0.0911196196380108, 0.08337192653582352, 0.06179682179957333, 0.09494748800653452, 0.06844310651154459, 0.062100316843331935, 0.051052000291438526, 0.05650993833448409, 0.045768784637466316, 0.011586767599201657, 0.008259193682482062, 0.008259193682482062, 0.04832591281151508, 0.0006090407390276211, 0.023402858414730915, 0.037395758827345874, 0.013264165974971565, 0.032378830057320306, 0.031293363972008166, 0.039326867161450965], [0.08491589472196263, 0.06488671405865178, 0.053861455730306464, 0.0770023542712785, 0.05990810161505559, 0.08229794730313929, 0.08313731805934209, 0.054502396840917074, 0.06446120107290064, 0.06705604325617533, 0.0468992612539587, 0.009343393263961702, 0.009266109347973879, 0.009266109347973879, 0.05589698117034291, 0.0005819065224528613, 0.02645487824241077, 0.03997872369665938, 0.015433069848597795, 0.03426792528861812, 0.03776991852437673, 0.02281229656294372], [0.03289742984061971, 0.10630920200303247, 0.08235793077260001, 0.09398862766799379, 0.07203737631983556, 0.08635750995165603, 0.08481641872426643, 0.05251396657213282, 0.053712213959994946, 0.04142684588308317, 0.03633380768630577, 0.03149525079488924, 0.0073342959892996, 0.0073342959892996, 0.0447718284489483, 0.0003628285155937881, 0.01718599867383704, 0.04071921163547107, 0.011863980323851185, 0.027591632296348693, 0.028308391359184306, 0.0402809565917563], [0.03280254326461799, 0.17032149670477104, 0.1724878775801098, 0.090174927598675, 0.07741374661323536, 0.07802084674989773, 0.07738168120148325, 0.028529649226980168, 0.0363917406435035, 0.044749795227636356, 0.021168661917131078, 0.015916968005970568, 0.004984126919890927, 0.004984126919890927, 0.030420800727118107, 0.00022655118952137873, 0.012374411611126504, 0.028870121681318965, 0.00892858784625468, 0.02040090674424842, 0.020913582400641312, 0.02253684922597692], [0.07191418330548977, 0.06699795933774581, 0.052339020882037846, 0.07961882829862874, 0.05826097467830703, 0.0628780731136146, 0.05351037842776491, 0.03770184368545194, 0.06368514520094046, 0.057212796374947104, 0.07228484468381817, 0.023214389322094055, 0.007991648724123555, 0.007991648724123555, 0.05814446526937284, 0.0003418914770146608, 0.02533956478023527, 0.06067837608250121, 0.015642937765697258, 0.03452427263427402, 0.0397226876408266, 0.050004069590990796], [0.05645103007852144, 0.06997792362812302, 0.06737223561844605, 0.07379524444880738, 0.0694083039874621, 0.06306011044008435, 0.06549776038298157, 0.03218065294105909, 0.05611972265682662, 0.06456573031482957, 0.0718850105822754, 0.030869796537189957, 0.006632088382118269, 0.006632088382118269, 0.05221377573320081, 0.00026298071865515, 0.024190494578980003, 0.0670090972035791, 0.014304264328605756, 0.034396764954046304, 0.02829063159215683, 0.04488429250993304], [0.1216145422601191, 0.03898260154232351, 0.03431984520984267, 0.05114855020442597, 0.047483508061367204, 0.05383890538984054, 0.052575827348391495, 0.03558588219185389, 0.07055930555453374, 0.07064985235782095, 0.0662728486351369, 0.04323932117976468, 0.005799989159090985, 0.005799989159090985, 0.06272973374070782, 0.0002985661811861632, 0.029836557491990497, 0.07733600464273914, 0.017935984694433922, 0.043174325157917595, 0.032601875974690685, 0.038215983862731416], [0.060892387762886455, 0.07407814639050003, 0.05974006617709505, 0.0743649125658802, 0.06771825072095088, 0.07082952471767995, 0.059156089795382547, 0.029637000876618663, 0.06561081766448938, 0.0296664872938952, 0.07563352547162304, 0.02230125716389005, 0.005153999737127651, 0.005153999737127651, 0.0552549930211885, 0.0002625304137820936, 0.028076497920114782, 0.059410593052351045, 0.015666112387697523, 0.038079992882827686, 0.0372765867567745, 0.06603622749011687], [0.18028302366625917, 0.05537101620183551, 0.06424747379532393, 0.06610408855117565, 0.048750526705955276, 0.05930074125823445, 0.038108692775589516, 0.03268780773842724, 0.05996644586797915, 0.04148264655411774, 0.05972690187640819, 0.02050012017977617, 0.005135595928620315, 0.005135595928620315, 0.05123678689530702, 0.00020944962626251204, 0.02532917294785679, 0.0669510381901499, 0.015586434441069198, 0.035589989517466336, 0.03225470601593628, 0.0360417453376294], [0.00017193786630999414, 0.07108762280650406, 0.0657047392000004, 0.05634121544515178, 0.05115418966707193, 0.052689212756711956, 0.04555433621610681, 0.046392506619537956, 0.07072399493570654, 0.042807300159037935, 0.08672024119296051, 0.02440537876211687, 0.00845689515049083, 0.00845689515049083, 0.060470588597884005, 0.0003422500080322706, 0.03961430466985088, 0.08933802068835806, 0.02857599283639591, 0.056538567752653555, 0.05403658989723106, 0.040417219621395765], [0.00019071678787698686, 0.05246830696371057, 0.05304485032888153, 0.052111932810504184, 0.05199150503280505, 0.06033056124148793, 0.05863878150731641, 0.04506344811119661, 0.06474422614770337, 0.08096748344613448, 0.07395196782916706, 0.02833606092683388, 0.009763383522152209, 0.009763383522152209, 0.0588456639757317, 0.0003802439574969951, 0.04471739280514753, 0.07093046062584996, 0.028906848486540574, 0.05708521829926304, 0.05880411461665283, 0.038963449055394846]], "model_weeks": [0, 1, 2, 3, 4, 5, 6, 7, 8, 9, 10, 11, 12, 13, 14, 15, 16, 17, 18, 19, 20, 21, 22, 23, 24, 25, 26, 27, 28, 29, 30, 31, 32]}}