{"params": {"beta": 2.0, "target": "3-ahead", "n_comps": 22}, "fit_params": {"weights": [[0.0002002233926174385, 0.12266765724664899, 0.1097179146789521, 0.11629419916431426, 0.09578818221088016, 0.104847669008934, 0.09292423185996648, 0.009152576275865444, 0.02810103440657814, 0.05755608736548154, 0.059553864571612394, 0.05920460451521162, 0.0014865864923164671, 0.0014865864923164671, 0.03263937064426682, 0.00020022338140492915, 0.007962505589488036, 0.035532162737741124, 0.012046415091886321, 0.021468968817512705, 0.015671244955124293, 0.015497691100880335], [0.00024553293907834045, 0.11865961748416759, 0.09960173739265892, 0.1136435244119372, 0.08976039160106589, 0.0909711145939294, 0.0713200728399079, 0.01157915520167005, 0.029791555153802, 0.05901181194556402, 0.07052717637504588, 0.09222467282876633, 0.001782412476478567, 0.001782412476478567, 0.033978866872156274, 0.0002455329253284966, 0.012894720195286358, 0.037971270807881506, 0.01250188453922627, 0.017666981811051863, 0.016248143301895723, 0.017591411826622765], [0.00039400571845831265, 0.07793845538241233, 0.06051898483186249, 0.0801061515864226, 0.05802217774640244, 0.07399041376920053, 0.054319868824183264, 0.02109906515326587, 0.05179133587953687, 0.09001628722393075, 0.09025532297882291, 0.08972161402018354, 0.003308834046046078, 0.003308834046046078, 0.05419813223671858, 0.00039400569639399364, 0.02159753196609649, 0.06399544058730017, 0.01754505073042074, 0.029744016227456503, 0.028159405717932094, 0.02957506563090732], [0.07421067738247321, 0.06681547556552675, 0.05123895909191213, 0.07619260441825136, 0.0593848527950953, 0.047426410311551204, 0.04986483169354922, 0.02658961680358476, 0.05052895868248398, 0.057083446643025754, 0.09338705384941143, 0.08687566011267214, 0.004848813458230908, 0.004848813458230908, 0.04911593214600543, 0.0005005303632554811, 0.02469044336192828, 0.06237554913887259, 0.020893729864287683, 0.03139994555897541, 0.030027233879273706, 0.03170046142140235], [0.03796839060542766, 0.08880488289809682, 0.06798946121881053, 0.07013918879858022, 0.06177431256488164, 0.08465125813049891, 0.07711385257887467, 0.025309462215916505, 0.04086969377588599, 0.04722449595968079, 0.09588611093366876, 0.08568659788773647, 0.004681859006555612, 0.004681859006555612, 0.04088220135569504, 0.0004988440801833612, 0.02167033695615899, 0.04348924479425738, 0.01648295721458154, 0.02475321087832939, 0.023701677725372728, 0.0357401014142516], [0.0975263402137386, 0.09270743696583088, 0.07721697876791099, 0.09747713685904855, 0.07398471550891593, 0.09653279549292516, 0.0816851625164717, 0.022283594920504156, 0.036564641626187964, 0.045953879555467314, 0.0491479163364064, 0.03520811054077871, 0.005118783041907239, 0.005118783041907239, 0.03313377146377993, 0.0005446776153093612, 0.023721204297779554, 0.036268655552644885, 0.016854950346923275, 0.027951435184842065, 0.027789035091644987, 0.017209995059074955], [0.06981155963911234, 0.05688109069115945, 0.04978919816948715, 0.059131497079272094, 0.054775755169321115, 0.050707659973132806, 0.036552981921550286, 0.038641716515079354, 0.05446095186190688, 0.07600036172160758, 0.06451319970776938, 0.04884724412998204, 0.009199120898835534, 0.009199120898835534, 0.04882446601329418, 0.0011973377629977675, 0.04197757875928171, 0.06150044635595593, 0.029248121886782507, 0.04657796517659945, 0.04855510294988665, 0.04360752271814988], [0.051640445654681365, 0.04283563212293453, 0.037072732652620455, 0.0489980879820085, 0.03916171729412122, 0.03178578147253716, 0.029351303533576623, 0.03095978644770996, 0.06779250899875258, 0.0800876798429813, 0.09387585832935819, 0.0888894058329616, 0.008402843215860696, 0.008402843215860696, 0.06004771699757761, 0.0015680729900918987, 0.04791947127742215, 0.06103498509881365, 0.029224189370660753, 0.04468025540285066, 0.04735062730851934, 0.048918054958099234], [0.07989954471897165, 0.06879958491582273, 0.04119287629517656, 0.055426526038734776, 0.03661609033961368, 0.04061575944987507, 0.027992169467950825, 0.04919022401285831, 0.061765803703516045, 0.0809664445916629, 0.07753890750952953, 0.056461296856954085, 0.009768961220802628, 0.009768961220802628, 0.05614130984849054, 0.0023722726387233294, 0.048379895072344206, 0.06360641107333054, 0.02906656135668437, 0.029210212181616676, 0.04376771781607933, 0.0314524696704596], [0.054679369515722, 0.08945202007002305, 0.05254378279881963, 0.09196218989987265, 0.05948178669197413, 0.0754423753413933, 0.052426959567786945, 0.047516013840326395, 0.03510163465023705, 0.052188524711571094, 0.04443798294913311, 0.12625628465568528, 0.009462806585183794, 0.009462806585183794, 0.0357986882711806, 0.0030368338388908457, 0.03971812724393503, 0.03535927025323437, 0.020153782637714928, 0.014697030704726088, 0.031189301351893267, 0.019632427835512327], [0.07958631646026255, 0.05822194363128446, 0.04956104062128461, 0.06465250898603522, 0.04751053723793641, 0.06914547976706185, 0.04820452712400996, 0.021549543300477654, 0.053565808625952734, 0.05613430100775525, 0.0969705810835972, 0.034180627743361496, 0.011093463818180918, 0.011093463818180918, 0.044774973653397616, 0.0025976615133952575, 0.05015727467968116, 0.05339560781893968, 0.021961347282407034, 0.033135437755823484, 0.038323622075815605, 0.054183931995158856], [0.11161806752562713, 0.010365938761447382, 0.018944993893638986, 0.01493881696930861, 0.02336784211837072, 0.011554674386922703, 0.021238387695043378, 0.06435698927449617, 0.08390377309260674, 0.06375637841109925, 0.06511094611645837, 0.05478725253398428, 0.018678665832561323, 0.018678665832561323, 0.06442499495267819, 0.0034653429325650856, 0.07808346166041957, 0.0652530152088632, 0.028281387542863252, 0.0645208443131673, 0.05377356087798964, 0.060896000067327295], [0.09312180995945027, 0.01720472183061807, 0.027075676395256917, 0.02049323496433297, 0.02740170259186986, 0.0113715394091336, 0.031167547990049598, 0.09542418304864177, 0.07950052362511684, 0.06580971084781648, 0.0781153277076771, 0.012173899838629869, 0.02214025893014187, 0.02214025893014187, 0.06228785117589458, 0.004346545000468993, 0.08816205725343114, 0.04770211057056549, 0.03389988668074917, 0.0625935015186288, 0.06346079210176647, 0.03440685962961826], [0.06769458978327628, 0.018795586027265332, 0.03468739093566213, 0.02382221028621077, 0.021183953576441334, 0.025778503399688568, 0.0254302685912976, 0.09388578986341413, 0.08659660552940518, 0.07290078831017809, 0.055365384847846304, 0.03826619033732095, 0.02386266092667162, 0.02386266092667162, 0.06930362490740312, 0.0048206546903433725, 0.056578066365368745, 0.051497923143399404, 0.03357308921223202, 0.06409183375974233, 0.05089922394685518, 0.05710300063330578], [0.03927109623710931, 0.06947453932184793, 0.04791233301318803, 0.0457239227412185, 0.03604969249540965, 0.05759032432957852, 0.04873844818880885, 0.07326279979452434, 0.08803543630147091, 0.08869852345997872, 0.023386139816678832, 0.010623066884385112, 0.01929693623680946, 0.01929693623680946, 0.07066748720994387, 0.003758061025972313, 0.034857807221847725, 0.0450568157423087, 0.02725033269969381, 0.05082479463880373, 0.04340631304308952, 0.05681819336052244], [0.03205536001544708, 0.08759859746770494, 0.04824079885146597, 0.03398563057591111, 0.04371721971727334, 0.045083668029746775, 0.03367856082973689, 0.05175829166083641, 0.08571837102536653, 0.025139724716271346, 0.12081563709483326, 0.02337074439952407, 0.01680402941368553, 0.01680402941368553, 0.05426527379500059, 0.0036890841806905264, 0.029793080438154606, 0.047876957553777695, 0.030486424323896887, 0.056392007055675264, 0.051619246321166226, 0.061107263120149725], [0.01322747103488568, 0.060983661388217585, 0.04378394758827621, 0.06541050219066559, 0.048827919026984655, 0.07130798118180169, 0.053693720529429036, 0.047331938156490734, 0.07093942350874331, 0.01877558603268887, 0.11958309853766044, 0.058428564012347924, 0.01211582042155051, 0.01211582042155051, 0.04646452361777179, 0.0029946872596451663, 0.027015207336377176, 0.05050172186617708, 0.02440005807840006, 0.048551095923128, 0.04477198961746877, 0.05877526226973918], [0.027408839667718544, 0.09522488474897811, 0.08049297202238585, 0.06895868076412642, 0.058614002877923156, 0.07302825362586403, 0.07298034522343223, 0.04664916154163367, 0.05097255735063586, 0.024820041752617605, 0.11375569569498666, 0.024825404659499613, 0.00932953431289543, 0.00932953431289543, 0.03912896914391987, 0.0019119806753526351, 0.02830149272870324, 0.03771741692565819, 0.01712251651049544, 0.03737938339181557, 0.03295303996256108, 0.049095292105901446], [0.036275680290992665, 0.07197594118527015, 0.05956999381814946, 0.07320890111472228, 0.06899655785143322, 0.08546444761273501, 0.07912112912509296, 0.048232457125347794, 0.056757880547971255, 0.036637478446618583, 0.10420055203425496, 0.01518522793009449, 0.008679654342591128, 0.008679654342591128, 0.04491541778244292, 0.0013821406867068578, 0.03243271126306342, 0.032403417317161315, 0.015769838470875517, 0.03078630852542108, 0.02888987727249722, 0.0604347329139666], [0.05584673784531484, 0.06670907885864709, 0.05084993703758441, 0.10107763681896129, 0.06418262500517853, 0.0847969411024015, 0.07139398680685362, 0.05805724533839754, 0.05552133333847538, 0.05797537801765474, 0.05669128101774752, 0.015059469990810629, 0.009187073967055885, 0.009187073967055885, 0.05080620739638697, 0.0012349661462460338, 0.03110855135188823, 0.03704983750945176, 0.015669840022483592, 0.03116939555856119, 0.028379059000900278, 0.04804634390194302], [0.04110182439775965, 0.09122600105228461, 0.05882673733234828, 0.09597848647424526, 0.07405385375327798, 0.08666910266271895, 0.07387767380155674, 0.060536559218512864, 0.04674279039094696, 0.05080482626200992, 0.037229076301935386, 0.015150267269074785, 0.0112444973084261, 0.0112444973084261, 0.045060021436775816, 0.0011205169474410985, 0.02862121717206146, 0.029613479982366422, 0.017467324105767745, 0.03070380641822864, 0.028647352171850392, 0.06408008823198472], [0.029740890546142564, 0.07274760549495414, 0.05997885991741813, 0.1058834832770289, 0.07835204626032309, 0.1155463039809951, 0.07717702016702652, 0.057161919570158315, 0.04879559824909409, 0.051537427233578244, 0.05011354962100669, 0.015480142468212265, 0.010434190497841936, 0.010434190497841936, 0.04679295550897569, 0.0007694270574425939, 0.022784753868501834, 0.035847697735807996, 0.01693069067075694, 0.029072109039596377, 0.02955284195785545, 0.034866296379441004], [0.051569951874291614, 0.10762313750125353, 0.09796242829478156, 0.06921078949397315, 0.06047600452409948, 0.08057953384160767, 0.0672782852957946, 0.05602376420793933, 0.057679078823930884, 0.06255074216053176, 0.03477505851512087, 0.008547963931043366, 0.010650546568192755, 0.010650546568192755, 0.0518328849556695, 0.000668848411234697, 0.02397265748432765, 0.03554390625782308, 0.017757129953481866, 0.028956727921936227, 0.03269708840608163, 0.032992925008691935], [0.03997909754575875, 0.07410637739041188, 0.0661063040203339, 0.08760034435423751, 0.06624055067250852, 0.07654097159907516, 0.07908870786012348, 0.0694966620609046, 0.06402609790582785, 0.05418137417054812, 0.036733156303293005, 0.015706457661137818, 0.01206758728824334, 0.01206758728824334, 0.05371102404581879, 0.0005969850124646969, 0.023281362449739072, 0.05010532540298101, 0.019705595296737755, 0.02839407852114523, 0.035475772662577086, 0.0347885804878889], [0.048969086904445645, 0.12005041027539251, 0.13355206761659258, 0.08590204603389955, 0.07341728842782416, 0.05774090135929802, 0.09046782126702536, 0.04009285518877084, 0.0466849644966673, 0.038834848871180785, 0.0364424479784797, 0.027075500371494518, 0.00820169902239467, 0.00820169902239467, 0.039809249256530656, 0.0003728044448877125, 0.017963354255183615, 0.0411339193777221, 0.014224525551619068, 0.024097640368376, 0.028608311347477898, 0.018156558562342582], [0.07779504138711667, 0.08282471423817653, 0.06452091536037133, 0.07910356207948875, 0.06009024992793397, 0.05956504347366428, 0.05704623434626147, 0.042713809470518935, 0.06009074068597251, 0.05730968356477568, 0.048696512162220346, 0.03720666735310725, 0.009253436635492125, 0.009253436635492125, 0.05223442727033436, 0.00039587214453259593, 0.023526872808932255, 0.05938235480275254, 0.018183667733492444, 0.02952146610230574, 0.03564376426707053, 0.03564152754998735], [0.05799115024379798, 0.06849911218047164, 0.07034581623129128, 0.06775289247547202, 0.0695645012059611, 0.05617308764188541, 0.07502439086229046, 0.033647166005768926, 0.05330275453377513, 0.06692452740295135, 0.08506256298332575, 0.03567056140906665, 0.008263083857869431, 0.008263083857869431, 0.05245161418444477, 0.0003276542178040475, 0.024678964761135874, 0.06177232264740872, 0.017776617764787703, 0.026971924023090007, 0.026941839701087576, 0.032594371808444614], [0.07365561336686682, 0.05237558890261208, 0.05100842331837971, 0.06083423925898194, 0.059754707674688545, 0.05432999373819687, 0.0645008430779139, 0.03553961155276403, 0.06449554098817642, 0.05033318228557318, 0.08884728466337635, 0.04433767740690781, 0.007395865154625822, 0.007395865154625822, 0.059869607297019116, 0.0003807171281214121, 0.03271448617717072, 0.07296706544576655, 0.022810436078690852, 0.03677759508525636, 0.03368808882487825, 0.02598756741940711], [0.060926565016328184, 0.07380382794843096, 0.0645327026416664, 0.08121255406722816, 0.06502949031882227, 0.09057279376462296, 0.0648068695087878, 0.031194720987513185, 0.06305403167705738, 0.05655557164769873, 0.05622297857466933, 0.024433658640756258, 0.005834045484946101, 0.005834045484946101, 0.05462985512212855, 0.00029717005302759894, 0.02807209604031754, 0.06235359950097783, 0.01788055447294696, 0.032710669376144336, 0.028342811515030958, 0.0316993881559523], [0.10404504188938136, 0.06730028912381177, 0.07481329484523691, 0.06797807793208421, 0.058074209789562424, 0.07250330246374266, 0.05214486472060784, 0.029584105279499465, 0.05757794275642382, 0.03703136078176874, 0.07961025706713543, 0.022691341738011128, 0.0060804584832188984, 0.0060804584832188984, 0.04965641624302758, 0.00024798480536942477, 0.027840318237130735, 0.060524902529033066, 0.018068843029829185, 0.031887160044778325, 0.03269086845669106, 0.043568501300437046], [0.09793891218933208, 0.05670900858520729, 0.05292352115937803, 0.04938222137823642, 0.04996399768253924, 0.05972087879619617, 0.0551380876136735, 0.043438839840349575, 0.06366717564585173, 0.054917615405741076, 0.057724917926318044, 0.023803167745481243, 0.007790362791621442, 0.007790362791621442, 0.05475940342251332, 0.00031527548592724295, 0.03462911428841795, 0.0824637261589664, 0.025788075591303875, 0.039038205395627426, 0.04290209243917841, 0.039195037666518044], [0.0002044127599997871, 0.05870566379667663, 0.056463906219538146, 0.047867261962948625, 0.051370220924008315, 0.058272838174865275, 0.05433741516550791, 0.047492201747529994, 0.07003653184875752, 0.0722396947539928, 0.08577904722830022, 0.032599687678044255, 0.010464522787510712, 0.010464522787510712, 0.06298159434060968, 0.00040755047151557817, 0.04569362989571567, 0.07236053367184116, 0.03085755327965169, 0.046481634527294334, 0.05491368056196841, 0.030005895416212545], [0.00012950351063694933, 0.07899186247474996, 0.07255199988418339, 0.06264573289143341, 0.0522804390389114, 0.06073349619313344, 0.057501784082041485, 0.04240432668714716, 0.06214660346546446, 0.054909783386363764, 0.102483211667706, 0.029914093272173523, 0.007435365715376898, 0.007435365715376898, 0.057660231627651826, 0.0002706238405143958, 0.045265543834505324, 0.06058213328914026, 0.02935361393270593, 0.032357443481869835, 0.05339275658791951, 0.029554085420994164]], "model_weeks": [0, 1, 2, 3, 4, 5, 6, 7, 8, 9, 10, 11, 12, 13, 14, 15, 16, 17, 18, 19, 20, 21, 22, 23, 24, 25, 26, 27, 28, 29, 30, 31, 32]}}